46.034, -10.702, 67.655
45.035, -10.647, 67.655
44.036, -10.603, 67.469
43.037, -10.57, 67.269
42.037, -10.55, 67.052
41.037, -10.543, 66.818
40.037, -10.554, 66.818
39.038, -10.58, 66.566
38.039, -10.623, 66.295
37.04, -10.684, 66.005
36.044, -10.765, 65.694
35.049, -10.867, 65.363
34.057, -10.991, 65.011
33.068, -11.14, 64.64
32.083, -11.314, 64.249
31.104, -11.516, 63.841
30.131, -11.748, 63.418
29.167, -12.011, 62.982
28.213, -12.311, 62.089
27.271, -12.647, 61.642
26.343, -13.02, 61.204
25.432, -13.431, 60.781
24.543, -13.888, 60.012
23.677, -14.388, 59.682
22.836, -14.928, 59.169
22.028, -15.518, 58.998
21.252, -16.148, 58.891
20.514, -16.823, 58.875
19.815, -17.538, 58.966
19.157, -18.29, 59.332
18.542, -19.078, 59.597
17.968, -19.897, 60.257
17.438, -20.745, 60.637
16.948, -21.617, 61.462
16.501, -22.511, 61.893
16.089, -23.422, 62.328
15.715, -24.349, 63.191
15.374, -25.29, 63.611
15.063, -26.24, 64.02
14.784, -27.2, 64.795
14.531, -28.167, 65.159
14.301, -29.141, 65.505
14.094, -30.119, 66.147
13.909, -31.102, 66.442
13.742, -32.088, 66.721
13.592, -33.076, 66.984
13.457, -34.067, 67.232
13.336, -35.06, 67.684
13.229, -36.054, 67.891
13.133, -37.049, 68.085
13.047, -38.046, 68.268
12.971, -39.043, 68.44
12.903, -40.04, 66.864
12.842, -41.039, 64.937
12.787, -42.037, 62.951
12.739, -43.036, 60.9
12.696, -44.035, 58.778
12.657, -45.034, 56.576
12.621, -46.034, 54.284
12.589, -47.033, 51.892
12.56, -48.033, 49.384
12.533, -49.032, 46.742
12.507, -50.032, 43.941
12.483, -51.032, 40.949
12.459, -52.031, 37.72
12.435, -53.031, 34.188
12.412, -54.031, 30.246
12.388, -55.031, 25.706
12.363, -56.03, 20.169
12.32, -57.631, 0
12.32, -57.631, 0
11.791, -77.624, 0
endData
127
70
200
46.034, -10.702, 11.511, -8.544, 13.129, -28.503, 12.32, -57.631
#PATH.JERRYIO-DATA {"appVersion":"0.8.3","format":"LemLib v0.5","gc":{"robotWidth":12,"robotHeight":12,"robotIsHolonomic":false,"showRobot":false,"uol":2.54,"pointDensity":1,"controlMagnetDistance":1.968503937007874,"fieldImage":{"displayName":"V5RC Field Perimeter","signature":"VRC Field Perimeter","origin":{"__type":"built-in"}},"coordinateSystem":"VEX Gaming Positioning System"},"paths":[{"segments":[{"controls":[{"uid":"LvyCC18mEP","x":46.033784708294206,"y":-10.70201884945579,"lock":false,"visible":true,"heading":280,"__type":"end-point"},{"uid":"FN1yP1Ipyv","x":11.511143258436823,"y":-8.544353758839703,"lock":false,"visible":true,"__type":"control"},{"uid":"7ZrJysgI4V","x":13.129392076398887,"y":-28.502755847038504,"lock":false,"visible":true,"__type":"control"},{"uid":"yRrGGPDF6J","x":12.320267667417856,"y":-57.631234570355666,"lock":false,"visible":true,"heading":180,"__type":"end-point"}],"speedProfiles":[],"lookaheadKeyframes":[],"uid":"sgd9kZl27N"}],"pc":{"speedLimit":{"minLimit":{"value":0,"label":"0"},"maxLimit":{"value":127,"label":"127"},"step":1,"from":20,"to":70},"bentRateApplicableRange":{"minLimit":{"value":0,"label":"0"},"maxLimit":{"value":1,"label":"1"},"step":0.001,"from":0,"to":0.1},"maxDecelerationRate":127},"name":"Path","uid":"HJCxqarv3n","lock":false,"visible":true}]}